#
# Sprite sheet data for MonoGame.
#
# To learn how to import these sprites into your MonoGame project visit:
# https://www.codeandweb.com/texturepacker/monogame
#
# Sprite sheet: mlm_armies.png (64 x 1856)
# $TexturePacker:SmartUpdate:d616e99102341c4ec89741c18eb9a9bd:e78742e8a3e4a5c58fbfe445f2b734d9:1e8d230cd2edb637c1525b2319977b55$
#

mlm_armies_0;0;0;0;16;16;16;16;0.5;0.5
mlm_armies_1;0;16;0;16;16;16;16;0.5;0.5
mlm_armies_2;0;32;0;16;16;16;16;0.5;0.5
mlm_armies_3;0;48;0;16;16;16;16;0.5;0.5
mlm_armies_4;0;0;16;16;16;16;16;0.5;0.5
mlm_armies_5;0;16;16;16;16;16;16;0.5;0.5
mlm_armies_6;0;32;16;16;16;16;16;0.5;0.5
mlm_armies_7;0;48;16;16;16;16;16;0.5;0.5
mlm_armies_8;0;0;32;16;16;16;16;0.5;0.5
mlm_armies_9;0;16;32;16;16;16;16;0.5;0.5
mlm_armies_10;0;32;32;16;16;16;16;0.5;0.5
mlm_armies_11;0;48;32;16;16;16;16;0.5;0.5
mlm_armies_12;0;0;48;16;16;16;16;0.5;0.5
mlm_armies_13;0;16;48;16;16;16;16;0.5;0.5
mlm_armies_14;0;32;48;16;16;16;16;0.5;0.5
mlm_armies_15;0;48;48;16;16;16;16;0.5;0.5
mlm_armies_16;0;0;64;16;16;16;16;0.5;0.5
mlm_armies_17;0;16;64;16;16;16;16;0.5;0.5
mlm_armies_18;0;32;64;16;16;16;16;0.5;0.5
mlm_armies_19;0;48;64;16;16;16;16;0.5;0.5
mlm_armies_20;0;0;80;16;16;16;16;0.5;0.5
mlm_armies_21;0;16;80;16;16;16;16;0.5;0.5
mlm_armies_22;0;32;80;16;16;16;16;0.5;0.5
mlm_armies_23;0;48;80;16;16;16;16;0.5;0.5
mlm_armies_24;0;0;96;16;16;16;16;0.5;0.5
mlm_armies_25;0;16;96;16;16;16;16;0.5;0.5
mlm_armies_26;0;32;96;16;16;16;16;0.5;0.5
mlm_armies_27;0;48;96;16;16;16;16;0.5;0.5
mlm_armies_28;0;0;112;16;16;16;16;0.5;0.5
mlm_armies_29;0;16;112;16;16;16;16;0.5;0.5
mlm_armies_30;0;32;112;16;16;16;16;0.5;0.5
mlm_armies_31;0;48;112;16;16;16;16;0.5;0.5
mlm_armies_32;0;0;128;16;16;16;16;0.5;0.5
mlm_armies_33;0;16;128;16;16;16;16;0.5;0.5
mlm_armies_34;0;32;128;16;16;16;16;0.5;0.5
mlm_armies_35;0;48;128;16;16;16;16;0.5;0.5
mlm_armies_36;0;0;144;16;16;16;16;0.5;0.5
mlm_armies_37;0;16;144;16;16;16;16;0.5;0.5
mlm_armies_38;0;32;144;16;16;16;16;0.5;0.5
mlm_armies_39;0;48;144;16;16;16;16;0.5;0.5
mlm_armies_40;0;0;160;16;16;16;16;0.5;0.5
mlm_armies_41;0;16;160;16;16;16;16;0.5;0.5
mlm_armies_42;0;32;160;16;16;16;16;0.5;0.5
mlm_armies_43;0;48;160;16;16;16;16;0.5;0.5
mlm_armies_44;0;0;176;16;16;16;16;0.5;0.5
mlm_armies_45;0;16;176;16;16;16;16;0.5;0.5
mlm_armies_46;0;32;176;16;16;16;16;0.5;0.5
mlm_armies_47;0;48;176;16;16;16;16;0.5;0.5
mlm_armies_48;0;0;192;16;16;16;16;0.5;0.5
mlm_armies_49;0;16;192;16;16;16;16;0.5;0.5
mlm_armies_50;0;32;192;16;16;16;16;0.5;0.5
mlm_armies_51;0;48;192;16;16;16;16;0.5;0.5
mlm_armies_52;0;0;208;16;16;16;16;0.5;0.5
mlm_armies_53;0;16;208;16;16;16;16;0.5;0.5
mlm_armies_54;0;32;208;16;16;16;16;0.5;0.5
mlm_armies_55;0;48;208;16;16;16;16;0.5;0.5
mlm_armies_56;0;0;224;16;16;16;16;0.5;0.5
mlm_armies_57;0;16;224;16;16;16;16;0.5;0.5
mlm_armies_58;0;32;224;16;16;16;16;0.5;0.5
mlm_armies_59;0;48;224;16;16;16;16;0.5;0.5
mlm_armies_60;0;0;240;16;16;16;16;0.5;0.5
mlm_armies_61;0;16;240;16;16;16;16;0.5;0.5
mlm_armies_62;0;32;240;16;16;16;16;0.5;0.5
mlm_armies_63;0;48;240;16;16;16;16;0.5;0.5
mlm_armies_64;0;0;256;16;16;16;16;0.5;0.5
mlm_armies_65;0;16;256;16;16;16;16;0.5;0.5
mlm_armies_66;0;32;256;16;16;16;16;0.5;0.5
mlm_armies_67;0;48;256;16;16;16;16;0.5;0.5
mlm_armies_68;0;0;272;16;16;16;16;0.5;0.5
mlm_armies_69;0;16;272;16;16;16;16;0.5;0.5
mlm_armies_70;0;32;272;16;16;16;16;0.5;0.5
mlm_armies_71;0;48;272;16;16;16;16;0.5;0.5
mlm_armies_72;0;0;288;16;16;16;16;0.5;0.5
mlm_armies_73;0;16;288;16;16;16;16;0.5;0.5
mlm_armies_74;0;32;288;16;16;16;16;0.5;0.5
mlm_armies_75;0;48;288;16;16;16;16;0.5;0.5
mlm_armies_76;0;0;304;16;16;16;16;0.5;0.5
mlm_armies_77;0;16;304;16;16;16;16;0.5;0.5
mlm_armies_78;0;32;304;16;16;16;16;0.5;0.5
mlm_armies_79;0;48;304;16;16;16;16;0.5;0.5
mlm_armies_80;0;0;320;16;16;16;16;0.5;0.5
mlm_armies_81;0;16;320;16;16;16;16;0.5;0.5
mlm_armies_82;0;32;320;16;16;16;16;0.5;0.5
mlm_armies_83;0;48;320;16;16;16;16;0.5;0.5
mlm_armies_84;0;0;336;16;16;16;16;0.5;0.5
mlm_armies_85;0;16;336;16;16;16;16;0.5;0.5
mlm_armies_86;0;32;336;16;16;16;16;0.5;0.5
mlm_armies_87;0;48;336;16;16;16;16;0.5;0.5
mlm_armies_88;0;0;352;16;16;16;16;0.5;0.5
mlm_armies_89;0;16;352;16;16;16;16;0.5;0.5
mlm_armies_90;0;32;352;16;16;16;16;0.5;0.5
mlm_armies_91;0;48;352;16;16;16;16;0.5;0.5
mlm_armies_92;0;0;368;16;16;16;16;0.5;0.5
mlm_armies_93;0;16;368;16;16;16;16;0.5;0.5
mlm_armies_94;0;32;368;16;16;16;16;0.5;0.5
mlm_armies_95;0;48;368;16;16;16;16;0.5;0.5
mlm_armies_96;0;0;384;16;16;16;16;0.5;0.5
mlm_armies_97;0;16;384;16;16;16;16;0.5;0.5
mlm_armies_98;0;32;384;16;16;16;16;0.5;0.5
mlm_armies_99;0;48;384;16;16;16;16;0.5;0.5
mlm_armies_100;0;0;400;16;16;16;16;0.5;0.5
mlm_armies_101;0;16;400;16;16;16;16;0.5;0.5
mlm_armies_102;0;32;400;16;16;16;16;0.5;0.5
mlm_armies_103;0;48;400;16;16;16;16;0.5;0.5
mlm_armies_104;0;0;416;16;16;16;16;0.5;0.5
mlm_armies_105;0;16;416;16;16;16;16;0.5;0.5
mlm_armies_106;0;32;416;16;16;16;16;0.5;0.5
mlm_armies_107;0;48;416;16;16;16;16;0.5;0.5
mlm_armies_108;0;0;432;16;16;16;16;0.5;0.5
mlm_armies_109;0;16;432;16;16;16;16;0.5;0.5
mlm_armies_110;0;32;432;16;16;16;16;0.5;0.5
mlm_armies_111;0;48;432;16;16;16;16;0.5;0.5
mlm_armies_112;0;0;448;16;16;16;16;0.5;0.5
mlm_armies_113;0;16;448;16;16;16;16;0.5;0.5
mlm_armies_114;0;32;448;16;16;16;16;0.5;0.5
mlm_armies_115;0;48;448;16;16;16;16;0.5;0.5
mlm_armies_116;0;0;464;16;16;16;16;0.5;0.5
mlm_armies_117;0;16;464;16;16;16;16;0.5;0.5
mlm_armies_118;0;32;464;16;16;16;16;0.5;0.5
mlm_armies_119;0;48;464;16;16;16;16;0.5;0.5
mlm_armies_120;0;0;480;16;16;16;16;0.5;0.5
mlm_armies_121;0;16;480;16;16;16;16;0.5;0.5
mlm_armies_122;0;32;480;16;16;16;16;0.5;0.5
mlm_armies_123;0;48;480;16;16;16;16;0.5;0.5
mlm_armies_124;0;0;496;16;16;16;16;0.5;0.5
mlm_armies_125;0;16;496;16;16;16;16;0.5;0.5
mlm_armies_126;0;32;496;16;16;16;16;0.5;0.5
mlm_armies_127;0;48;496;16;16;16;16;0.5;0.5
mlm_armies_128;0;0;512;16;16;16;16;0.5;0.5
mlm_armies_129;0;16;512;16;16;16;16;0.5;0.5
mlm_armies_130;0;32;512;16;16;16;16;0.5;0.5
mlm_armies_131;0;48;512;16;16;16;16;0.5;0.5
mlm_armies_132;0;0;528;16;16;16;16;0.5;0.5
mlm_armies_133;0;16;528;16;16;16;16;0.5;0.5
mlm_armies_134;0;32;528;16;16;16;16;0.5;0.5
mlm_armies_135;0;48;528;16;16;16;16;0.5;0.5
mlm_armies_136;0;0;544;16;16;16;16;0.5;0.5
mlm_armies_137;0;16;544;16;16;16;16;0.5;0.5
mlm_armies_138;0;32;544;16;16;16;16;0.5;0.5
mlm_armies_139;0;48;544;16;16;16;16;0.5;0.5
mlm_armies_140;0;0;560;16;16;16;16;0.5;0.5
mlm_armies_141;0;16;560;16;16;16;16;0.5;0.5
mlm_armies_142;0;32;560;16;16;16;16;0.5;0.5
mlm_armies_143;0;48;560;16;16;16;16;0.5;0.5
mlm_armies_144;0;0;576;16;16;16;16;0.5;0.5
mlm_armies_145;0;16;576;16;16;16;16;0.5;0.5
mlm_armies_146;0;32;576;16;16;16;16;0.5;0.5
mlm_armies_147;0;48;576;16;16;16;16;0.5;0.5
mlm_armies_148;0;0;592;16;16;16;16;0.5;0.5
mlm_armies_149;0;16;592;16;16;16;16;0.5;0.5
mlm_armies_150;0;32;592;16;16;16;16;0.5;0.5
mlm_armies_151;0;48;592;16;16;16;16;0.5;0.5
mlm_armies_152;0;0;608;16;16;16;16;0.5;0.5
mlm_armies_153;0;16;608;16;16;16;16;0.5;0.5
mlm_armies_154;0;32;608;16;16;16;16;0.5;0.5
mlm_armies_155;0;48;608;16;16;16;16;0.5;0.5
mlm_armies_156;0;0;624;16;16;16;16;0.5;0.5
mlm_armies_157;0;16;624;16;16;16;16;0.5;0.5
mlm_armies_158;0;32;624;16;16;16;16;0.5;0.5
mlm_armies_159;0;48;624;16;16;16;16;0.5;0.5
mlm_armies_160;0;0;640;16;16;16;16;0.5;0.5
mlm_armies_161;0;16;640;16;16;16;16;0.5;0.5
mlm_armies_162;0;32;640;16;16;16;16;0.5;0.5
mlm_armies_163;0;48;640;16;16;16;16;0.5;0.5
mlm_armies_164;0;0;656;16;16;16;16;0.5;0.5
mlm_armies_165;0;16;656;16;16;16;16;0.5;0.5
mlm_armies_166;0;32;656;16;16;16;16;0.5;0.5
mlm_armies_167;0;48;656;16;16;16;16;0.5;0.5
mlm_armies_168;0;0;672;16;16;16;16;0.5;0.5
mlm_armies_169;0;16;672;16;16;16;16;0.5;0.5
mlm_armies_170;0;32;672;16;16;16;16;0.5;0.5
mlm_armies_171;0;48;672;16;16;16;16;0.5;0.5
mlm_armies_172;0;0;688;16;16;16;16;0.5;0.5
mlm_armies_173;0;16;688;16;16;16;16;0.5;0.5
mlm_armies_174;0;32;688;16;16;16;16;0.5;0.5
mlm_armies_175;0;48;688;16;16;16;16;0.5;0.5
mlm_armies_176;0;0;704;16;16;16;16;0.5;0.5
mlm_armies_177;0;16;704;16;16;16;16;0.5;0.5
mlm_armies_178;0;32;704;16;16;16;16;0.5;0.5
mlm_armies_179;0;48;704;16;16;16;16;0.5;0.5
mlm_armies_180;0;0;720;16;16;16;16;0.5;0.5
mlm_armies_181;0;16;720;16;16;16;16;0.5;0.5
mlm_armies_182;0;32;720;16;16;16;16;0.5;0.5
mlm_armies_183;0;48;720;16;16;16;16;0.5;0.5
mlm_armies_184;0;0;736;16;16;16;16;0.5;0.5
mlm_armies_185;0;16;736;16;16;16;16;0.5;0.5
mlm_armies_186;0;32;736;16;16;16;16;0.5;0.5
mlm_armies_187;0;48;736;16;16;16;16;0.5;0.5
mlm_armies_188;0;0;752;16;16;16;16;0.5;0.5
mlm_armies_189;0;16;752;16;16;16;16;0.5;0.5
mlm_armies_190;0;32;752;16;16;16;16;0.5;0.5
mlm_armies_191;0;48;752;16;16;16;16;0.5;0.5
mlm_armies_192;0;0;768;16;16;16;16;0.5;0.5
mlm_armies_193;0;16;768;16;16;16;16;0.5;0.5
mlm_armies_194;0;32;768;16;16;16;16;0.5;0.5
mlm_armies_195;0;48;768;16;16;16;16;0.5;0.5
mlm_armies_196;0;0;784;16;16;16;16;0.5;0.5
mlm_armies_197;0;16;784;16;16;16;16;0.5;0.5
mlm_armies_198;0;32;784;16;16;16;16;0.5;0.5
mlm_armies_199;0;48;784;16;16;16;16;0.5;0.5
mlm_armies_200;0;0;800;16;16;16;16;0.5;0.5
mlm_armies_201;0;16;800;16;16;16;16;0.5;0.5
mlm_armies_202;0;32;800;16;16;16;16;0.5;0.5
mlm_armies_203;0;48;800;16;16;16;16;0.5;0.5
mlm_armies_204;0;0;816;16;16;16;16;0.5;0.5
mlm_armies_205;0;16;816;16;16;16;16;0.5;0.5
mlm_armies_206;0;32;816;16;16;16;16;0.5;0.5
mlm_armies_207;0;48;816;16;16;16;16;0.5;0.5
mlm_armies_208;0;0;832;16;16;16;16;0.5;0.5
mlm_armies_209;0;16;832;16;16;16;16;0.5;0.5
mlm_armies_210;0;32;832;16;16;16;16;0.5;0.5
mlm_armies_211;0;48;832;16;16;16;16;0.5;0.5
mlm_armies_212;0;0;848;16;16;16;16;0.5;0.5
mlm_armies_213;0;16;848;16;16;16;16;0.5;0.5
mlm_armies_214;0;32;848;16;16;16;16;0.5;0.5
mlm_armies_215;0;48;848;16;16;16;16;0.5;0.5
mlm_armies_216;0;0;864;16;16;16;16;0.5;0.5
mlm_armies_217;0;16;864;16;16;16;16;0.5;0.5
mlm_armies_218;0;32;864;16;16;16;16;0.5;0.5
mlm_armies_219;0;48;864;16;16;16;16;0.5;0.5
mlm_armies_220;0;0;880;16;16;16;16;0.5;0.5
mlm_armies_221;0;16;880;16;16;16;16;0.5;0.5
mlm_armies_222;0;32;880;16;16;16;16;0.5;0.5
mlm_armies_223;0;48;880;16;16;16;16;0.5;0.5
mlm_armies_224;0;0;896;16;16;16;16;0.5;0.5
mlm_armies_225;0;16;896;16;16;16;16;0.5;0.5
mlm_armies_226;0;32;896;16;16;16;16;0.5;0.5
mlm_armies_227;0;48;896;16;16;16;16;0.5;0.5
mlm_armies_228;0;0;912;16;16;16;16;0.5;0.5
mlm_armies_229;0;16;912;16;16;16;16;0.5;0.5
mlm_armies_230;0;32;912;16;16;16;16;0.5;0.5
mlm_armies_231;0;48;912;16;16;16;16;0.5;0.5
mlm_armies_232;0;0;928;16;16;16;16;0.5;0.5
mlm_armies_233;0;16;928;16;16;16;16;0.5;0.5
mlm_armies_234;0;32;928;16;16;16;16;0.5;0.5
mlm_armies_235;0;48;928;16;16;16;16;0.5;0.5
mlm_armies_236;0;0;944;16;16;16;16;0.5;0.5
mlm_armies_237;0;16;944;16;16;16;16;0.5;0.5
mlm_armies_238;0;32;944;16;16;16;16;0.5;0.5
mlm_armies_239;0;48;944;16;16;16;16;0.5;0.5
mlm_armies_240;0;0;960;16;16;16;16;0.5;0.5
mlm_armies_241;0;16;960;16;16;16;16;0.5;0.5
mlm_armies_242;0;32;960;16;16;16;16;0.5;0.5
mlm_armies_243;0;48;960;16;16;16;16;0.5;0.5
mlm_armies_244;0;0;976;16;16;16;16;0.5;0.5
mlm_armies_245;0;16;976;16;16;16;16;0.5;0.5
mlm_armies_246;0;32;976;16;16;16;16;0.5;0.5
mlm_armies_247;0;48;976;16;16;16;16;0.5;0.5
mlm_armies_248;0;0;992;16;16;16;16;0.5;0.5
mlm_armies_249;0;16;992;16;16;16;16;0.5;0.5
mlm_armies_250;0;32;992;16;16;16;16;0.5;0.5
mlm_armies_251;0;48;992;16;16;16;16;0.5;0.5
mlm_armies_252;0;0;1008;16;16;16;16;0.5;0.5
mlm_armies_253;0;16;1008;16;16;16;16;0.5;0.5
mlm_armies_254;0;32;1008;16;16;16;16;0.5;0.5
mlm_armies_255;0;48;1008;16;16;16;16;0.5;0.5
mlm_armies_256;0;0;1024;16;16;16;16;0.5;0.5
mlm_armies_257;0;16;1024;16;16;16;16;0.5;0.5
mlm_armies_258;0;32;1024;16;16;16;16;0.5;0.5
mlm_armies_259;0;48;1024;16;16;16;16;0.5;0.5
mlm_armies_260;0;0;1040;16;16;16;16;0.5;0.5
mlm_armies_261;0;16;1040;16;16;16;16;0.5;0.5
mlm_armies_262;0;32;1040;16;16;16;16;0.5;0.5
mlm_armies_263;0;48;1040;16;16;16;16;0.5;0.5
mlm_armies_264;0;0;1056;16;16;16;16;0.5;0.5
mlm_armies_265;0;16;1056;16;16;16;16;0.5;0.5
mlm_armies_266;0;32;1056;16;16;16;16;0.5;0.5
mlm_armies_267;0;48;1056;16;16;16;16;0.5;0.5
mlm_armies_268;0;0;1072;16;16;16;16;0.5;0.5
mlm_armies_269;0;16;1072;16;16;16;16;0.5;0.5
mlm_armies_270;0;32;1072;16;16;16;16;0.5;0.5
mlm_armies_271;0;48;1072;16;16;16;16;0.5;0.5
mlm_armies_272;0;0;1088;16;16;16;16;0.5;0.5
mlm_armies_273;0;16;1088;16;16;16;16;0.5;0.5
mlm_armies_274;0;32;1088;16;16;16;16;0.5;0.5
mlm_armies_275;0;48;1088;16;16;16;16;0.5;0.5
mlm_armies_276;0;0;1104;16;16;16;16;0.5;0.5
mlm_armies_277;0;16;1104;16;16;16;16;0.5;0.5
mlm_armies_278;0;32;1104;16;16;16;16;0.5;0.5
mlm_armies_279;0;48;1104;16;16;16;16;0.5;0.5
mlm_armies_280;0;0;1120;16;16;16;16;0.5;0.5
mlm_armies_281;0;16;1120;16;16;16;16;0.5;0.5
mlm_armies_282;0;32;1120;16;16;16;16;0.5;0.5
mlm_armies_283;0;48;1120;16;16;16;16;0.5;0.5
mlm_armies_284;0;0;1136;16;16;16;16;0.5;0.5
mlm_armies_285;0;16;1136;16;16;16;16;0.5;0.5
mlm_armies_286;0;32;1136;16;16;16;16;0.5;0.5
mlm_armies_287;0;48;1136;16;16;16;16;0.5;0.5
mlm_armies_288;0;0;1152;16;16;16;16;0.5;0.5
mlm_armies_289;0;16;1152;16;16;16;16;0.5;0.5
mlm_armies_290;0;32;1152;16;16;16;16;0.5;0.5
mlm_armies_291;0;48;1152;16;16;16;16;0.5;0.5
mlm_armies_292;0;0;1168;16;16;16;16;0.5;0.5
mlm_armies_293;0;16;1168;16;16;16;16;0.5;0.5
mlm_armies_294;0;32;1168;16;16;16;16;0.5;0.5
mlm_armies_295;0;48;1168;16;16;16;16;0.5;0.5
mlm_armies_296;0;0;1184;16;16;16;16;0.5;0.5
mlm_armies_297;0;16;1184;16;16;16;16;0.5;0.5
mlm_armies_298;0;32;1184;16;16;16;16;0.5;0.5
mlm_armies_299;0;48;1184;16;16;16;16;0.5;0.5
mlm_armies_300;0;0;1200;16;16;16;16;0.5;0.5
mlm_armies_301;0;16;1200;16;16;16;16;0.5;0.5
mlm_armies_302;0;32;1200;16;16;16;16;0.5;0.5
mlm_armies_303;0;48;1200;16;16;16;16;0.5;0.5
mlm_armies_304;0;0;1216;16;16;16;16;0.5;0.5
mlm_armies_305;0;16;1216;16;16;16;16;0.5;0.5
mlm_armies_306;0;32;1216;16;16;16;16;0.5;0.5
mlm_armies_307;0;48;1216;16;16;16;16;0.5;0.5
mlm_armies_308;0;0;1232;16;16;16;16;0.5;0.5
mlm_armies_309;0;16;1232;16;16;16;16;0.5;0.5
mlm_armies_310;0;32;1232;16;16;16;16;0.5;0.5
mlm_armies_311;0;48;1232;16;16;16;16;0.5;0.5
mlm_armies_312;0;0;1248;16;16;16;16;0.5;0.5
mlm_armies_313;0;16;1248;16;16;16;16;0.5;0.5
mlm_armies_314;0;32;1248;16;16;16;16;0.5;0.5
mlm_armies_315;0;48;1248;16;16;16;16;0.5;0.5
mlm_armies_316;0;0;1264;16;16;16;16;0.5;0.5
mlm_armies_317;0;16;1264;16;16;16;16;0.5;0.5
mlm_armies_318;0;32;1264;16;16;16;16;0.5;0.5
mlm_armies_319;0;48;1264;16;16;16;16;0.5;0.5
mlm_armies_320;0;0;1280;16;16;16;16;0.5;0.5
mlm_armies_321;0;16;1280;16;16;16;16;0.5;0.5
mlm_armies_322;0;32;1280;16;16;16;16;0.5;0.5
mlm_armies_323;0;48;1280;16;16;16;16;0.5;0.5
mlm_armies_324;0;0;1296;16;16;16;16;0.5;0.5
mlm_armies_325;0;16;1296;16;16;16;16;0.5;0.5
mlm_armies_326;0;32;1296;16;16;16;16;0.5;0.5
mlm_armies_327;0;48;1296;16;16;16;16;0.5;0.5
mlm_armies_328;0;0;1312;16;16;16;16;0.5;0.5
mlm_armies_329;0;16;1312;16;16;16;16;0.5;0.5
mlm_armies_330;0;32;1312;16;16;16;16;0.5;0.5
mlm_armies_331;0;48;1312;16;16;16;16;0.5;0.5
mlm_armies_332;0;0;1328;16;16;16;16;0.5;0.5
mlm_armies_333;0;16;1328;16;16;16;16;0.5;0.5
mlm_armies_334;0;32;1328;16;16;16;16;0.5;0.5
mlm_armies_335;0;48;1328;16;16;16;16;0.5;0.5
mlm_armies_336;0;0;1344;16;16;16;16;0.5;0.5
mlm_armies_337;0;16;1344;16;16;16;16;0.5;0.5
mlm_armies_338;0;32;1344;16;16;16;16;0.5;0.5
mlm_armies_339;0;48;1344;16;16;16;16;0.5;0.5
mlm_armies_340;0;0;1360;16;16;16;16;0.5;0.5
mlm_armies_341;0;16;1360;16;16;16;16;0.5;0.5
mlm_armies_342;0;32;1360;16;16;16;16;0.5;0.5
mlm_armies_343;0;48;1360;16;16;16;16;0.5;0.5
mlm_armies_344;0;0;1376;16;16;16;16;0.5;0.5
mlm_armies_345;0;16;1376;16;16;16;16;0.5;0.5
mlm_armies_346;0;32;1376;16;16;16;16;0.5;0.5
mlm_armies_347;0;48;1376;16;16;16;16;0.5;0.5
mlm_armies_348;0;0;1392;16;16;16;16;0.5;0.5
mlm_armies_349;0;16;1392;16;16;16;16;0.5;0.5
mlm_armies_350;0;32;1392;16;16;16;16;0.5;0.5
mlm_armies_351;0;48;1392;16;16;16;16;0.5;0.5
mlm_armies_352;0;0;1408;16;16;16;16;0.5;0.5
mlm_armies_353;0;16;1408;16;16;16;16;0.5;0.5
mlm_armies_354;0;32;1408;16;16;16;16;0.5;0.5
mlm_armies_355;0;48;1408;16;16;16;16;0.5;0.5
mlm_armies_356;0;0;1424;16;16;16;16;0.5;0.5
mlm_armies_357;0;16;1424;16;16;16;16;0.5;0.5
mlm_armies_358;0;32;1424;16;16;16;16;0.5;0.5
mlm_armies_359;0;48;1424;16;16;16;16;0.5;0.5
mlm_armies_360;0;0;1440;16;16;16;16;0.5;0.5
mlm_armies_361;0;16;1440;16;16;16;16;0.5;0.5
mlm_armies_362;0;32;1440;16;16;16;16;0.5;0.5
mlm_armies_363;0;48;1440;16;16;16;16;0.5;0.5
mlm_armies_364;0;0;1456;16;16;16;16;0.5;0.5
mlm_armies_365;0;16;1456;16;16;16;16;0.5;0.5
mlm_armies_366;0;32;1456;16;16;16;16;0.5;0.5
mlm_armies_367;0;48;1456;16;16;16;16;0.5;0.5
mlm_armies_368;0;0;1472;16;16;16;16;0.5;0.5
mlm_armies_369;0;16;1472;16;16;16;16;0.5;0.5
mlm_armies_370;0;32;1472;16;16;16;16;0.5;0.5
mlm_armies_371;0;48;1472;16;16;16;16;0.5;0.5
mlm_armies_372;0;0;1488;16;16;16;16;0.5;0.5
mlm_armies_373;0;16;1488;16;16;16;16;0.5;0.5
mlm_armies_374;0;32;1488;16;16;16;16;0.5;0.5
mlm_armies_375;0;48;1488;16;16;16;16;0.5;0.5
mlm_armies_376;0;0;1504;16;16;16;16;0.5;0.5
mlm_armies_377;0;16;1504;16;16;16;16;0.5;0.5
mlm_armies_378;0;32;1504;16;16;16;16;0.5;0.5
mlm_armies_379;0;48;1504;16;16;16;16;0.5;0.5
mlm_armies_380;0;0;1520;16;16;16;16;0.5;0.5
mlm_armies_381;0;16;1520;16;16;16;16;0.5;0.5
mlm_armies_382;0;32;1520;16;16;16;16;0.5;0.5
mlm_armies_383;0;48;1520;16;16;16;16;0.5;0.5
mlm_armies_384;0;0;1536;16;16;16;16;0.5;0.5
mlm_armies_385;0;16;1536;16;16;16;16;0.5;0.5
mlm_armies_386;0;32;1536;16;16;16;16;0.5;0.5
mlm_armies_387;0;48;1536;16;16;16;16;0.5;0.5
mlm_armies_388;0;0;1552;16;16;16;16;0.5;0.5
mlm_armies_389;0;16;1552;16;16;16;16;0.5;0.5
mlm_armies_390;0;32;1552;16;16;16;16;0.5;0.5
mlm_armies_391;0;48;1552;16;16;16;16;0.5;0.5
mlm_armies_392;0;0;1568;16;16;16;16;0.5;0.5
mlm_armies_393;0;16;1568;16;16;16;16;0.5;0.5
mlm_armies_394;0;32;1568;16;16;16;16;0.5;0.5
mlm_armies_395;0;48;1568;16;16;16;16;0.5;0.5
mlm_armies_396;0;0;1584;16;16;16;16;0.5;0.5
mlm_armies_397;0;16;1584;16;16;16;16;0.5;0.5
mlm_armies_398;0;32;1584;16;16;16;16;0.5;0.5
mlm_armies_399;0;48;1584;16;16;16;16;0.5;0.5
mlm_armies_400;0;0;1600;16;16;16;16;0.5;0.5
mlm_armies_401;0;16;1600;16;16;16;16;0.5;0.5
mlm_armies_402;0;32;1600;16;16;16;16;0.5;0.5
mlm_armies_403;0;48;1600;16;16;16;16;0.5;0.5
mlm_armies_404;0;0;1616;16;16;16;16;0.5;0.5
mlm_armies_405;0;16;1616;16;16;16;16;0.5;0.5
mlm_armies_406;0;32;1616;16;16;16;16;0.5;0.5
mlm_armies_407;0;48;1616;16;16;16;16;0.5;0.5
mlm_armies_408;0;0;1632;16;16;16;16;0.5;0.5
mlm_armies_409;0;16;1632;16;16;16;16;0.5;0.5
mlm_armies_410;0;32;1632;16;16;16;16;0.5;0.5
mlm_armies_411;0;48;1632;16;16;16;16;0.5;0.5
mlm_armies_412;0;0;1648;16;16;16;16;0.5;0.5
mlm_armies_413;0;16;1648;16;16;16;16;0.5;0.5
mlm_armies_414;0;32;1648;16;16;16;16;0.5;0.5
mlm_armies_415;0;48;1648;16;16;16;16;0.5;0.5
mlm_armies_416;0;0;1664;16;16;16;16;0.5;0.5
mlm_armies_417;0;16;1664;16;16;16;16;0.5;0.5
mlm_armies_418;0;32;1664;16;16;16;16;0.5;0.5
mlm_armies_419;0;48;1664;16;16;16;16;0.5;0.5
mlm_armies_420;0;0;1680;16;16;16;16;0.5;0.5
mlm_armies_421;0;16;1680;16;16;16;16;0.5;0.5
mlm_armies_422;0;32;1680;16;16;16;16;0.5;0.5
mlm_armies_423;0;48;1680;16;16;16;16;0.5;0.5
mlm_armies_424;0;0;1696;16;16;16;16;0.5;0.5
mlm_armies_425;0;16;1696;16;16;16;16;0.5;0.5
mlm_armies_426;0;32;1696;16;16;16;16;0.5;0.5
mlm_armies_427;0;48;1696;16;16;16;16;0.5;0.5
mlm_armies_428;0;0;1712;16;16;16;16;0.5;0.5
mlm_armies_429;0;16;1712;16;16;16;16;0.5;0.5
mlm_armies_430;0;32;1712;16;16;16;16;0.5;0.5
mlm_armies_431;0;48;1712;16;16;16;16;0.5;0.5
mlm_armies_432;0;0;1728;16;16;16;16;0.5;0.5
mlm_armies_433;0;16;1728;16;16;16;16;0.5;0.5
mlm_armies_434;0;32;1728;16;16;16;16;0.5;0.5
mlm_armies_435;0;48;1728;16;16;16;16;0.5;0.5
mlm_armies_436;0;0;1744;16;16;16;16;0.5;0.5
mlm_armies_437;0;16;1744;16;16;16;16;0.5;0.5
mlm_armies_438;0;32;1744;16;16;16;16;0.5;0.5
mlm_armies_439;0;48;1744;16;16;16;16;0.5;0.5
mlm_armies_440;0;0;1760;16;16;16;16;0.5;0.5
mlm_armies_441;0;16;1760;16;16;16;16;0.5;0.5
mlm_armies_442;0;32;1760;16;16;16;16;0.5;0.5
mlm_armies_443;0;48;1760;16;16;16;16;0.5;0.5
mlm_armies_444;0;0;1776;16;16;16;16;0.5;0.5
mlm_armies_445;0;16;1776;16;16;16;16;0.5;0.5
mlm_armies_446;0;32;1776;16;16;16;16;0.5;0.5
mlm_armies_447;0;48;1776;16;16;16;16;0.5;0.5
mlm_armies_448;0;0;1792;16;16;16;16;0.5;0.5
mlm_armies_449;0;16;1792;16;16;16;16;0.5;0.5
mlm_armies_450;0;32;1792;16;16;16;16;0.5;0.5
mlm_armies_451;0;48;1792;16;16;16;16;0.5;0.5
mlm_armies_452;0;0;1808;16;16;16;16;0.5;0.5
mlm_armies_453;0;16;1808;16;16;16;16;0.5;0.5
mlm_armies_454;0;32;1808;16;16;16;16;0.5;0.5
mlm_armies_455;0;48;1808;16;16;16;16;0.5;0.5
mlm_armies_456;0;0;1824;16;16;16;16;0.5;0.5
mlm_armies_457;0;16;1824;16;16;16;16;0.5;0.5
mlm_armies_458;0;32;1824;16;16;16;16;0.5;0.5
mlm_armies_459;0;48;1824;16;16;16;16;0.5;0.5
mlm_armies_460;0;0;1840;16;16;16;16;0.5;0.5
mlm_armies_461;0;16;1840;16;16;16;16;0.5;0.5